    2.589152    2.589200    2.589246    2.589292    2.589336    2.589379    2.589422    2.589463    2.589504    2.589544
    2.589200    2.589246    2.589291    2.589336    2.589379    2.589421    2.589463    2.589503    2.589543    2.589581
    2.589246    2.589291    2.589335    2.589379    2.589421    2.589462    2.589502    2.589542    2.589580    2.589618
    2.589292    2.589336    2.589379    2.589421    2.589462    2.589502    2.589541    2.589579    2.589617    2.589653
    2.589336    2.589379    2.589421    2.589462    2.589502    2.589541    2.589579    2.589616    2.589652    2.589687
    2.589379    2.589421    2.589462    2.589502    2.589541    2.589579    2.589616    2.589652    2.589687    2.589721
    2.589422    2.589463    2.589502    2.589541    2.589579    2.589616    2.589652    2.589687    2.589721    2.589754
    2.589463    2.589503    2.589542    2.589579    2.589616    2.589652    2.589687    2.589720    2.589753    2.589785
    2.589504    2.589543    2.589580    2.589617    2.589652    2.589687    2.589721    2.589753    2.589785    2.589816
    2.589544    2.589581    2.589618    2.589653    2.589687    2.589721    2.589754    2.589785    2.589816    2.589846
