Loaded triangulation.
Reading from file: hopf_sphere_params.txt
Input Radii:  1.000000 1.000000 1.000000 1.000000 1.000000 1.000000 1.000000 1.000000 1.000000 1.000000 1.000000 1.000000
Input Etas:  1.000000 1.000000 1.000000 1.000000 1.000000 1.000000 1.000000 1.000000 1.000000 1.000000 1.000000 1.000000 1.000000 1.000000 1.000000 1.000000 1.000000 1.000000 1.000000 1.000000 1.000000 1.000000 1.000000 1.000000 1.000000 1.000000 1.000000 1.000000 1.000000 1.000000 1.000000 1.000000 1.000000 1.000000 1.000000 1.000000 1.000000 1.000000 1.000000 1.000000 1.000000 1.000000 1.000000 1.000000 1.000000 1.000000 1.000000 1.000000
Initialized Etas and Radii.
Read # steps: 1.000000

Step #0:
vertex   0: radius = 1.000000	  curvature = 3.7457999676
vertex   1: radius = 1.000000	  curvature = 9.2586564879
vertex   2: radius = 1.000000	  curvature = 4.8483712717
vertex   3: radius = 1.000000	  curvature = 4.8483712717
vertex   4: radius = 1.000000	  curvature = 3.7457999676
vertex   5: radius = 1.000000	  curvature = 9.2586564879
vertex   6: radius = 1.000000	  curvature = 9.2586564879
vertex   7: radius = 1.000000	  curvature = 4.8483712717
vertex   8: radius = 1.000000	  curvature = 3.7457999676
vertex   9: radius = 1.000000	  curvature = 9.2586564879
vertex  10: radius = 1.000000	  curvature = 5.9509425757
vertex  11: radius = 1.000000	  curvature = 2.6432286636
Total volume: 33.941125

GRADIENT:
 1.293739 -1.940608 0.646869 0.646869 1.293739 -1.940608 -1.940608 0.646869 1.293739 -1.940608 0.000000 1.940608

HESSIAN:
3.645335 -0.520515 0.111152 -0.451866 -0.293950 0.042504 -0.708188 -0.264193 -0.293950 -0.708188 -0.422110 -0.136033 
-0.520515 3.395593 -0.546042 0.016976 -0.708188 -0.085134 -0.085134 -0.733715 0.042504 -0.085134 -0.008551 -0.682660 
0.111152 -0.546042 3.489476 -0.395632 -0.264193 -0.733715 0.016976 -0.395632 -0.451866 0.016976 -0.527071 -0.320427 
-0.451866 0.016976 -0.395632 3.489476 0.111152 -0.546042 -0.733715 -0.395632 -0.264193 0.016976 -0.527071 -0.320427 
-0.293950 -0.708188 -0.264193 0.111152 3.645335 -0.520515 0.042504 -0.451866 -0.293950 -0.708188 -0.422110 -0.136033 
0.042504 -0.085134 -0.733715 -0.546042 -0.520515 3.395593 -0.085134 0.016976 -0.708188 -0.085134 -0.008551 -0.682660 
-0.708188 -0.085134 0.016976 -0.733715 0.042504 -0.085134 3.395593 -0.546042 -0.520515 -0.085134 -0.008551 -0.682660 
-0.264193 -0.733715 -0.395632 -0.395632 -0.451866 0.016976 -0.546042 3.489476 0.111152 0.016976 -0.527071 -0.320427 
-0.293950 0.042504 -0.451866 -0.264193 -0.293950 -0.708188 -0.520515 0.111152 3.645335 -0.708188 -0.422110 -0.136033 
-0.708188 -0.085134 0.016976 0.016976 -0.708188 -0.085134 -0.085134 0.016976 -0.708188 3.395593 -0.571570 -0.494987 
-0.422110 -0.008551 -0.527071 -0.527071 -0.422110 -0.008551 -0.008551 -0.527071 -0.422110 -0.571570 3.386572 0.058197 
-0.136033 -0.682660 -0.320427 -0.320427 -0.136033 -0.682660 -0.682660 -0.320427 -0.136033 -0.494987 0.058197 3.854150 

Step #1:
vertex   0: radius = 1.135300	  curvature = 5.6895254145
vertex   1: radius = 0.603342	  curvature = 5.5639649074
vertex   2: radius = 1.056025	  curvature = 5.5130485305
vertex   3: radius = 1.056025	  curvature = 5.5130485305
vertex   4: radius = 1.135300	  curvature = 5.6895254145
vertex   5: radius = 0.603342	  curvature = 5.5639649074
vertex   6: radius = 0.603342	  curvature = 5.5639649074
vertex   7: radius = 1.056025	  curvature = 5.5130485305
vertex   8: radius = 1.135300	  curvature = 5.6895254145
vertex   9: radius = 0.603231	  curvature = 5.5620434660
vertex  10: radius = 0.980565	  curvature = 5.3791368065
vertex  11: radius = 1.218279	  curvature = 5.9044353960
Total volume: 33.941125

GRADIENT:
 0.131090 -0.278919 0.155213 0.155213 0.131090 -0.278919 -0.278919 0.155213 0.131090 -0.276960 0.167058 0.087749

HESSIAN:
4.058431 -0.431788 -0.143116 -0.606596 -0.423660 0.140843 -0.602903 -0.269934 -0.423660 -0.602719 -0.435453 -0.259444 
-0.431788 2.160429 -0.426258 0.130760 -0.602903 0.037470 0.037470 -0.612084 0.140843 0.037637 0.121189 -0.592765 
-0.143116 -0.426258 3.748853 -0.448396 -0.269934 -0.612084 0.130760 -0.448396 -0.606596 0.131253 -0.645529 -0.410556 
-0.606596 0.130760 -0.448396 3.748853 -0.143116 -0.426258 -0.612084 -0.448396 -0.269934 0.131253 -0.645529 -0.410556 
-0.423660 -0.602903 -0.269934 -0.143116 4.058431 -0.431788 0.140843 -0.606596 -0.423660 -0.602719 -0.435453 -0.259444 
0.140843 0.037470 -0.612084 -0.426258 -0.431788 2.160429 0.037470 0.130760 -0.602903 0.037637 0.121189 -0.592765 
-0.602903 0.037470 0.130760 -0.612084 0.140843 0.037470 2.160429 -0.426258 -0.431788 0.037637 0.121189 -0.592765 
-0.269934 -0.612084 -0.448396 -0.448396 -0.606596 0.130760 -0.426258 3.748853 -0.143116 0.131253 -0.645529 -0.410556 
-0.423660 0.140843 -0.606596 -0.269934 -0.423660 -0.602903 -0.431788 -0.143116 4.058431 -0.602719 -0.435453 -0.259444 
-0.602719 0.037637 0.131253 0.131253 -0.602719 0.037637 0.037637 0.131253 -0.602719 2.160396 -0.420913 -0.437995 
-0.435453 0.121189 -0.645529 -0.645529 -0.435453 0.121189 0.121189 -0.645529 -0.435453 -0.420913 3.447471 -0.147177 
-0.259444 -0.592765 -0.410556 -0.410556 -0.259444 -0.592765 -0.592765 -0.410556 -0.259444 -0.437995 -0.147177 4.373468 

Step #2:
vertex   0: radius = 1.142999	  curvature = 5.8912561795
vertex   1: radius = 0.537846	  curvature = 4.4692827523
vertex   2: radius = 1.096700	  curvature = 5.8991552373
vertex   3: radius = 1.096700	  curvature = 5.8991552373
vertex   4: radius = 1.142999	  curvature = 5.8912561795
vertex   5: radius = 0.537846	  curvature = 4.4692827523
vertex   6: radius = 0.537846	  curvature = 4.4692827523
vertex   7: radius = 1.096700	  curvature = 5.8991552373
vertex   8: radius = 1.142999	  curvature = 5.8912561795
vertex   9: radius = 0.537820	  curvature = 4.4692577002
vertex  10: radius = 1.050960	  curvature = 5.9291794910
vertex  11: radius = 1.189417	  curvature = 5.9022991718
Total volume: 33.941125

GRADIENT:
 0.007153 -0.010562 0.004841 0.004841 0.007153 -0.010562 -0.010562 0.004841 0.007153 -0.010146 0.000324 0.005526

HESSIAN:
4.085357 -0.410139 -0.212076 -0.659225 -0.433635 0.157432 -0.587734 -0.243003 -0.433635 -0.587554 -0.457810 -0.217977 
-0.410139 1.962504 -0.407281 0.151027 -0.587734 0.054715 0.054715 -0.593517 0.157432 0.054759 0.144974 -0.581455 
-0.212076 -0.407281 3.868228 -0.465781 -0.243003 -0.593517 0.151027 -0.465781 -0.659225 0.151148 -0.698384 -0.425356 
-0.659225 0.151027 -0.465781 3.868228 -0.212076 -0.407281 -0.593517 -0.465781 -0.243003 0.151148 -0.698384 -0.425356 
-0.433635 -0.587734 -0.243003 -0.212076 4.085357 -0.410139 0.157432 -0.659225 -0.433635 -0.587554 -0.457810 -0.217977 
0.157432 0.054715 -0.593517 -0.407281 -0.410139 1.962504 0.054715 0.151027 -0.587734 0.054759 0.144974 -0.581455 
-0.587734 0.054715 0.151027 -0.593517 0.157432 0.054715 1.962504 -0.407281 -0.410139 0.054759 0.144974 -0.581455 
-0.243003 -0.593517 -0.465781 -0.465781 -0.659225 0.151027 -0.407281 3.868228 -0.212076 0.151148 -0.698384 -0.425356 
-0.433635 0.157432 -0.659225 -0.243003 -0.433635 -0.587734 -0.410139 -0.212076 4.085357 -0.587554 -0.457810 -0.217977 
-0.587554 0.054759 0.151148 0.151148 -0.587554 0.054759 0.054759 0.151148 -0.587554 1.962612 -0.404448 -0.413222 
-0.457810 0.144974 -0.698384 -0.698384 -0.457810 0.144974 0.144974 -0.698384 -0.457810 -0.404448 3.650742 -0.212635 
-0.217977 -0.581455 -0.425356 -0.425356 -0.217977 -0.581455 -0.581455 -0.425356 -0.217977 -0.413222 -0.212635 4.300219 

Step #3:
vertex   0: radius = 1.143921	  curvature = 5.9047430456
vertex   1: radius = 0.535484	  curvature = 4.4228194164
vertex   2: radius = 1.097894	  curvature = 5.9111762586
vertex   3: radius = 1.097894	  curvature = 5.9111762586
vertex   4: radius = 1.143921	  curvature = 5.9047430456
vertex   5: radius = 0.535484	  curvature = 4.4228194164
vertex   6: radius = 0.535484	  curvature = 4.4228194164
vertex   7: radius = 1.097894	  curvature = 5.9111762586
vertex   8: radius = 1.143921	  curvature = 5.9047430456
vertex   9: radius = 0.535567	  curvature = 4.4247436202
vertex  10: radius = 1.052067	  curvature = 5.9350572810
vertex  11: radius = 1.188935	  curvature = 5.9079150706
Total volume: 33.941125

GRADIENT:
 0.000006 -0.000013 0.000007 0.000007 0.000006 -0.000013 -0.000013 0.000007 0.000006 -0.000011 0.000010 0.000001

HESSIAN:
4.088003 -0.409669 -0.214597 -0.661184 -0.434194 0.158164 -0.587498 -0.242289 -0.434194 -0.587275 -0.458339 -0.216927 
-0.409669 1.955537 -0.406643 0.151965 -0.587498 0.055455 0.055455 -0.593069 0.158164 0.055488 0.146211 -0.581397 
-0.214597 -0.406643 3.871758 -0.466290 -0.242289 -0.593069 0.151965 -0.466290 -0.661184 0.152055 -0.699851 -0.425565 
-0.661184 0.151965 -0.466290 3.871758 -0.214597 -0.406643 -0.593069 -0.466290 -0.242289 0.152055 -0.699851 -0.425565 
-0.434194 -0.587498 -0.242289 -0.214597 4.088003 -0.409669 0.158164 -0.661184 -0.434194 -0.587275 -0.458339 -0.216927 
0.158164 0.055455 -0.593069 -0.406643 -0.409669 1.955537 0.055455 0.151965 -0.587498 0.055488 0.146211 -0.581397 
-0.587498 0.055455 0.151965 -0.593069 0.158164 0.055455 1.955537 -0.406643 -0.409669 0.055488 0.146211 -0.581397 
-0.242289 -0.593069 -0.466290 -0.466290 -0.661184 0.151965 -0.406643 3.871758 -0.214597 0.152055 -0.699851 -0.425565 
-0.434194 0.158164 -0.661184 -0.242289 -0.434194 -0.587498 -0.409669 -0.214597 4.088003 -0.587275 -0.458339 -0.216927 
-0.587275 0.055488 0.152055 0.152055 -0.587275 0.055488 0.055488 0.152055 -0.587275 1.955968 -0.403785 -0.412989 
-0.458339 0.146211 -0.699851 -0.699851 -0.458339 0.146211 0.146211 -0.699851 -0.458339 -0.403785 3.654206 -0.214481 
-0.216927 -0.581397 -0.425565 -0.425565 -0.216927 -0.581397 -0.581397 -0.425565 -0.216927 -0.412989 -0.214481 4.299135 

Step #4:
vertex   0: radius = 1.143922	  curvature = 5.9047533860
vertex   1: radius = 0.535481	  curvature = 4.4227597055
vertex   2: radius = 1.097896	  curvature = 5.9111950037
vertex   3: radius = 1.097896	  curvature = 5.9111950037
vertex   4: radius = 1.143922	  curvature = 5.9047533860
vertex   5: radius = 0.535481	  curvature = 4.4227597055
vertex   6: radius = 0.535481	  curvature = 4.4227597055
vertex   7: radius = 1.097896	  curvature = 5.9111950037
vertex   8: radius = 1.143922	  curvature = 5.9047533860
vertex   9: radius = 0.535564	  curvature = 4.4246928281
vertex  10: radius = 1.052071	  curvature = 5.9350892549
vertex  11: radius = 1.188932	  curvature = 5.9079085604
Total volume: 33.941125

GRADIENT:
 0.000000 -0.000000 0.000000 0.000000 0.000000 -0.000000 -0.000000 0.000000 0.000000 -0.000000 -0.000000 0.000000

HESSIAN:
4.088004 -0.409668 -0.214601 -0.661187 -0.434195 0.158164 -0.587497 -0.242287 -0.434195 -0.587274 -0.458341 -0.216924 
-0.409668 1.955528 -0.406642 0.151966 -0.587497 0.055456 0.055456 -0.593068 0.158164 0.055489 0.146212 -0.581396 
-0.214601 -0.406642 3.871764 -0.466291 -0.242287 -0.593068 0.151966 -0.466291 -0.661187 0.152056 -0.699854 -0.425565 
-0.661187 0.151966 -0.466291 3.871764 -0.214601 -0.406642 -0.593068 -0.466291 -0.242287 0.152056 -0.699854 -0.425565 
-0.434195 -0.587497 -0.242287 -0.214601 4.088004 -0.409668 0.158164 -0.661187 -0.434195 -0.587274 -0.458341 -0.216924 
0.158164 0.055456 -0.593068 -0.406642 -0.409668 1.955528 0.055456 0.151966 -0.587497 0.055489 0.146212 -0.581396 
-0.587497 0.055456 0.151966 -0.593068 0.158164 0.055456 1.955528 -0.406642 -0.409668 0.055489 0.146212 -0.581396 
-0.242287 -0.593068 -0.466291 -0.466291 -0.661187 0.151966 -0.406642 3.871764 -0.214601 0.152056 -0.699854 -0.425565 
-0.434195 0.158164 -0.661187 -0.242287 -0.434195 -0.587497 -0.409668 -0.214601 4.088004 -0.587274 -0.458341 -0.216924 
-0.587274 0.055489 0.152056 0.152056 -0.587274 0.055489 0.055489 0.152056 -0.587274 1.955960 -0.403785 -0.412988 
-0.458341 0.146212 -0.699854 -0.699854 -0.458341 0.146212 0.146212 -0.699854 -0.458341 -0.403785 3.654218 -0.214484 
-0.216924 -0.581396 -0.425565 -0.425565 -0.216924 -0.581396 -0.581396 -0.425565 -0.216924 -0.412988 -0.214484 4.299129 

Step #5:
vertex   0: radius = 1.143922	  curvature = 5.9047533861
vertex   1: radius = 0.535481	  curvature = 4.4227597054
vertex   2: radius = 1.097896	  curvature = 5.9111950037
vertex   3: radius = 1.097896	  curvature = 5.9111950037
vertex   4: radius = 1.143922	  curvature = 5.9047533861
vertex   5: radius = 0.535481	  curvature = 4.4227597054
vertex   6: radius = 0.535481	  curvature = 4.4227597054
vertex   7: radius = 1.097896	  curvature = 5.9111950037
vertex   8: radius = 1.143922	  curvature = 5.9047533861
vertex   9: radius = 0.535564	  curvature = 4.4246928281
vertex  10: radius = 1.052071	  curvature = 5.9350892549
vertex  11: radius = 1.188932	  curvature = 5.9079085604
Total volume: 33.941125

GRADIENT:
 -0.000000 -0.000000 0.000000 -0.000000 0.000000 -0.000000 -0.000000 0.000000 -0.000000 -0.000000 -0.000000 0.000000

HESSIAN:
4.088004 -0.409668 -0.214601 -0.661187 -0.434195 0.158164 -0.587497 -0.242287 -0.434195 -0.587274 -0.458341 -0.216924 
-0.409668 1.955528 -0.406642 0.151966 -0.587497 0.055456 0.055456 -0.593068 0.158164 0.055489 0.146212 -0.581396 
-0.214601 -0.406642 3.871764 -0.466291 -0.242287 -0.593068 0.151966 -0.466291 -0.661187 0.152056 -0.699854 -0.425565 
-0.661187 0.151966 -0.466291 3.871764 -0.214601 -0.406642 -0.593068 -0.466291 -0.242287 0.152056 -0.699854 -0.425565 
-0.434195 -0.587497 -0.242287 -0.214601 4.088004 -0.409668 0.158164 -0.661187 -0.434195 -0.587274 -0.458341 -0.216924 
0.158164 0.055456 -0.593068 -0.406642 -0.409668 1.955528 0.055456 0.151966 -0.587497 0.055489 0.146212 -0.581396 
-0.587497 0.055456 0.151966 -0.593068 0.158164 0.055456 1.955528 -0.406642 -0.409668 0.055489 0.146212 -0.581396 
-0.242287 -0.593068 -0.466291 -0.466291 -0.661187 0.151966 -0.406642 3.871764 -0.214601 0.152056 -0.699854 -0.425565 
-0.434195 0.158164 -0.661187 -0.242287 -0.434195 -0.587497 -0.409668 -0.214601 4.088004 -0.587274 -0.458341 -0.216924 
-0.587274 0.055489 0.152056 0.152056 -0.587274 0.055489 0.055489 0.152056 -0.587274 1.955960 -0.403785 -0.412988 
-0.458341 0.146212 -0.699854 -0.699854 -0.458341 0.146212 0.146212 -0.699854 -0.458341 -0.403785 3.654218 -0.214484 
-0.216924 -0.581396 -0.425565 -0.425565 -0.216924 -0.581396 -0.581396 -0.425565 -0.216924 -0.412988 -0.214484 4.299129 

Step #6:
vertex   0: radius = 1.143922	  curvature = 5.9047533861
vertex   1: radius = 0.535481	  curvature = 4.4227597054
vertex   2: radius = 1.097896	  curvature = 5.9111950037
vertex   3: radius = 1.097896	  curvature = 5.9111950037
vertex   4: radius = 1.143922	  curvature = 5.9047533861
vertex   5: radius = 0.535481	  curvature = 4.4227597054
vertex   6: radius = 0.535481	  curvature = 4.4227597054
vertex   7: radius = 1.097896	  curvature = 5.9111950037
vertex   8: radius = 1.143922	  curvature = 5.9047533861
vertex   9: radius = 0.535564	  curvature = 4.4246928281
vertex  10: radius = 1.052071	  curvature = 5.9350892549
vertex  11: radius = 1.188932	  curvature = 5.9079085604
Total volume: 33.941125

GRADIENT:
 -0.000000 -0.000000 -0.000000 0.000000 -0.000000 -0.000000 0.000000 -0.000000 -0.000000 0.000000 0.000000 0.000000

HESSIAN:
4.088004 -0.409668 -0.214601 -0.661187 -0.434195 0.158164 -0.587497 -0.242287 -0.434195 -0.587274 -0.458341 -0.216924 
-0.409668 1.955528 -0.406642 0.151966 -0.587497 0.055456 0.055456 -0.593068 0.158164 0.055489 0.146212 -0.581396 
-0.214601 -0.406642 3.871764 -0.466291 -0.242287 -0.593068 0.151966 -0.466291 -0.661187 0.152056 -0.699854 -0.425565 
-0.661187 0.151966 -0.466291 3.871764 -0.214601 -0.406642 -0.593068 -0.466291 -0.242287 0.152056 -0.699854 -0.425565 
-0.434195 -0.587497 -0.242287 -0.214601 4.088004 -0.409668 0.158164 -0.661187 -0.434195 -0.587274 -0.458341 -0.216924 
0.158164 0.055456 -0.593068 -0.406642 -0.409668 1.955528 0.055456 0.151966 -0.587497 0.055489 0.146212 -0.581396 
-0.587497 0.055456 0.151966 -0.593068 0.158164 0.055456 1.955528 -0.406642 -0.409668 0.055489 0.146212 -0.581396 
-0.242287 -0.593068 -0.466291 -0.466291 -0.661187 0.151966 -0.406642 3.871764 -0.214601 0.152056 -0.699854 -0.425565 
-0.434195 0.158164 -0.661187 -0.242287 -0.434195 -0.587497 -0.409668 -0.214601 4.088004 -0.587274 -0.458341 -0.216924 
-0.587274 0.055489 0.152056 0.152056 -0.587274 0.055489 0.055489 0.152056 -0.587274 1.955960 -0.403785 -0.412988 
-0.458341 0.146212 -0.699854 -0.699854 -0.458341 0.146212 0.146212 -0.699854 -0.458341 -0.403785 3.654218 -0.214484 
-0.216924 -0.581396 -0.425565 -0.425565 -0.216924 -0.581396 -0.581396 -0.425565 -0.216924 -0.412988 -0.214484 4.299129 

Step #7:
vertex   0: radius = 1.143922	  curvature = 5.9047533861
vertex   1: radius = 0.535481	  curvature = 4.4227597054
vertex   2: radius = 1.097896	  curvature = 5.9111950037
vertex   3: radius = 1.097896	  curvature = 5.9111950037
vertex   4: radius = 1.143922	  curvature = 5.9047533861
vertex   5: radius = 0.535481	  curvature = 4.4227597054
vertex   6: radius = 0.535481	  curvature = 4.4227597054
vertex   7: radius = 1.097896	  curvature = 5.9111950037
vertex   8: radius = 1.143922	  curvature = 5.9047533861
vertex   9: radius = 0.535564	  curvature = 4.4246928281
vertex  10: radius = 1.052071	  curvature = 5.9350892549
vertex  11: radius = 1.188932	  curvature = 5.9079085604
Total volume: 33.941125

GRADIENT:
 -0.000000 -0.000000 -0.000000 -0.000000 -0.000000 -0.000000 -0.000000 -0.000000 -0.000000 0.000000 -0.000000 0.000000

HESSIAN:
4.088004 -0.409668 -0.214601 -0.661187 -0.434195 0.158164 -0.587497 -0.242287 -0.434195 -0.587274 -0.458341 -0.216924 
-0.409668 1.955528 -0.406642 0.151966 -0.587497 0.055456 0.055456 -0.593068 0.158164 0.055489 0.146212 -0.581396 
-0.214601 -0.406642 3.871764 -0.466291 -0.242287 -0.593068 0.151966 -0.466291 -0.661187 0.152056 -0.699854 -0.425565 
-0.661187 0.151966 -0.466291 3.871764 -0.214601 -0.406642 -0.593068 -0.466291 -0.242287 0.152056 -0.699854 -0.425565 
-0.434195 -0.587497 -0.242287 -0.214601 4.088004 -0.409668 0.158164 -0.661187 -0.434195 -0.587274 -0.458341 -0.216924 
0.158164 0.055456 -0.593068 -0.406642 -0.409668 1.955528 0.055456 0.151966 -0.587497 0.055489 0.146212 -0.581396 
-0.587497 0.055456 0.151966 -0.593068 0.158164 0.055456 1.955528 -0.406642 -0.409668 0.055489 0.146212 -0.581396 
-0.242287 -0.593068 -0.466291 -0.466291 -0.661187 0.151966 -0.406642 3.871764 -0.214601 0.152056 -0.699854 -0.425565 
-0.434195 0.158164 -0.661187 -0.242287 -0.434195 -0.587497 -0.409668 -0.214601 4.088004 -0.587274 -0.458341 -0.216924 
-0.587274 0.055489 0.152056 0.152056 -0.587274 0.055489 0.055489 0.152056 -0.587274 1.955960 -0.403785 -0.412988 
-0.458341 0.146212 -0.699854 -0.699854 -0.458341 0.146212 0.146212 -0.699854 -0.458341 -0.403785 3.654218 -0.214484 
-0.216924 -0.581396 -0.425565 -0.425565 -0.216924 -0.581396 -0.581396 -0.425565 -0.216924 -0.412988 -0.214484 4.299129 

Step #8:
vertex   0: radius = 1.143922	  curvature = 5.9047533861
vertex   1: radius = 0.535481	  curvature = 4.4227597054
vertex   2: radius = 1.097896	  curvature = 5.9111950037
vertex   3: radius = 1.097896	  curvature = 5.9111950037
vertex   4: radius = 1.143922	  curvature = 5.9047533861
vertex   5: radius = 0.535481	  curvature = 4.4227597054
vertex   6: radius = 0.535481	  curvature = 4.4227597054
vertex   7: radius = 1.097896	  curvature = 5.9111950037
vertex   8: radius = 1.143922	  curvature = 5.9047533861
vertex   9: radius = 0.535564	  curvature = 4.4246928281
vertex  10: radius = 1.052071	  curvature = 5.9350892549
vertex  11: radius = 1.188932	  curvature = 5.9079085604
Total volume: 33.941125

GRADIENT:
 -0.000000 -0.000000 0.000000 -0.000000 -0.000000 -0.000000 0.000000 0.000000 -0.000000 -0.000000 -0.000000 0.000000

HESSIAN:
4.088004 -0.409668 -0.214601 -0.661187 -0.434195 0.158164 -0.587497 -0.242287 -0.434195 -0.587274 -0.458341 -0.216924 
-0.409668 1.955528 -0.406642 0.151966 -0.587497 0.055456 0.055456 -0.593068 0.158164 0.055489 0.146212 -0.581396 
-0.214601 -0.406642 3.871764 -0.466291 -0.242287 -0.593068 0.151966 -0.466291 -0.661187 0.152056 -0.699854 -0.425565 
-0.661187 0.151966 -0.466291 3.871764 -0.214601 -0.406642 -0.593068 -0.466291 -0.242287 0.152056 -0.699854 -0.425565 
-0.434195 -0.587497 -0.242287 -0.214601 4.088004 -0.409668 0.158164 -0.661187 -0.434195 -0.587274 -0.458341 -0.216924 
0.158164 0.055456 -0.593068 -0.406642 -0.409668 1.955528 0.055456 0.151966 -0.587497 0.055489 0.146212 -0.581396 
-0.587497 0.055456 0.151966 -0.593068 0.158164 0.055456 1.955528 -0.406642 -0.409668 0.055489 0.146212 -0.581396 
-0.242287 -0.593068 -0.466291 -0.466291 -0.661187 0.151966 -0.406642 3.871764 -0.214601 0.152056 -0.699854 -0.425565 
-0.434195 0.158164 -0.661187 -0.242287 -0.434195 -0.587497 -0.409668 -0.214601 4.088004 -0.587274 -0.458341 -0.216924 
-0.587274 0.055489 0.152056 0.152056 -0.587274 0.055489 0.055489 0.152056 -0.587274 1.955960 -0.403785 -0.412988 
-0.458341 0.146212 -0.699854 -0.699854 -0.458341 0.146212 0.146212 -0.699854 -0.458341 -0.403785 3.654218 -0.214484 
-0.216924 -0.581396 -0.425565 -0.425565 -0.216924 -0.581396 -0.581396 -0.425565 -0.216924 -0.412988 -0.214484 4.299129 

Step #9:
vertex   0: radius = 1.143922	  curvature = 5.9047533861
vertex   1: radius = 0.535481	  curvature = 4.4227597054
vertex   2: radius = 1.097896	  curvature = 5.9111950037
vertex   3: radius = 1.097896	  curvature = 5.9111950037
vertex   4: radius = 1.143922	  curvature = 5.9047533861
vertex   5: radius = 0.535481	  curvature = 4.4227597054
vertex   6: radius = 0.535481	  curvature = 4.4227597054
vertex   7: radius = 1.097896	  curvature = 5.9111950037
vertex   8: radius = 1.143922	  curvature = 5.9047533861
vertex   9: radius = 0.535564	  curvature = 4.4246928281
vertex  10: radius = 1.052071	  curvature = 5.9350892549
vertex  11: radius = 1.188932	  curvature = 5.9079085604
Total volume: 33.941125

GRADIENT:
 -0.000000 -0.000000 -0.000000 -0.000000 0.000000 0.000000 -0.000000 -0.000000 0.000000 -0.000000 0.000000 -0.000000

HESSIAN:
4.088004 -0.409668 -0.214601 -0.661187 -0.434195 0.158164 -0.587497 -0.242287 -0.434195 -0.587274 -0.458341 -0.216924 
-0.409668 1.955528 -0.406642 0.151966 -0.587497 0.055456 0.055456 -0.593068 0.158164 0.055489 0.146212 -0.581396 
-0.214601 -0.406642 3.871764 -0.466291 -0.242287 -0.593068 0.151966 -0.466291 -0.661187 0.152056 -0.699854 -0.425565 
-0.661187 0.151966 -0.466291 3.871764 -0.214601 -0.406642 -0.593068 -0.466291 -0.242287 0.152056 -0.699854 -0.425565 
-0.434195 -0.587497 -0.242287 -0.214601 4.088004 -0.409668 0.158164 -0.661187 -0.434195 -0.587274 -0.458341 -0.216924 
0.158164 0.055456 -0.593068 -0.406642 -0.409668 1.955528 0.055456 0.151966 -0.587497 0.055489 0.146212 -0.581396 
-0.587497 0.055456 0.151966 -0.593068 0.158164 0.055456 1.955528 -0.406642 -0.409668 0.055489 0.146212 -0.581396 
-0.242287 -0.593068 -0.466291 -0.466291 -0.661187 0.151966 -0.406642 3.871764 -0.214601 0.152056 -0.699854 -0.425565 
-0.434195 0.158164 -0.661187 -0.242287 -0.434195 -0.587497 -0.409668 -0.214601 4.088004 -0.587274 -0.458341 -0.216924 
-0.587274 0.055489 0.152056 0.152056 -0.587274 0.055489 0.055489 0.152056 -0.587274 1.955960 -0.403785 -0.412988 
-0.458341 0.146212 -0.699854 -0.699854 -0.458341 0.146212 0.146212 -0.699854 -0.458341 -0.403785 3.654218 -0.214484 
-0.216924 -0.581396 -0.425565 -0.425565 -0.216924 -0.581396 -0.581396 -0.425565 -0.216924 -0.412988 -0.214484 4.299129 
