Loaded triangulation.
Reading from file: parameters.tx
Input Radii:  0.900000 1.000000 1.000000 1.000000 1.000000
Input Etas:  1.000000 1.000000 1.000000 1.000000 1.000000 1.000000 1.000000 1.000000 1.000000 1.000000
Initialized Etas and Radii.
Read # steps: 1.000000

Step #1:
vertex   0: radius = 0.900000	  curvature = 10.0456792592
vertex   1: radius = 1.000000	  curvature = 10.4360271098
vertex   2: radius = 1.000000	  curvature = 10.4360271098
vertex   3: radius = 1.000000	  curvature = 10.4360271098
vertex   4: radius = 1.000000	  curvature = 10.4360271098
Total volume: 4.427378

GRADIENT:
 0.588386 -0.147096 -0.147096 -0.147096 -0.147096

HESSIAN:
5.471654 -1.367913 -1.367913 -1.367913 -1.367913 
-1.367913 5.768287 -1.466791 -1.466791 -1.466791 
-1.367913 -1.466791 5.768287 -1.466791 -1.466791 
-1.367913 -1.466791 -1.466791 5.768287 -1.466791 
-1.367913 -1.466791 -1.466791 -1.466791 5.768287 

Step #3:
vertex   0: radius = 0.981008	  curvature = 10.3673664417
vertex   1: radius = 0.978879	  curvature = 10.3596914616
vertex   2: radius = 0.978879	  curvature = 10.3596914616
vertex   3: radius = 0.978879	  curvature = 10.3596914616
vertex   4: radius = 0.978879	  curvature = 10.3596914616
Total volume: 4.427378

GRADIENT:
 -0.012399 0.003100 0.003100 0.003100 0.003100

HESSIAN:
5.708641 -1.427160 -1.427160 -1.427160 -1.427160 
-1.427160 5.702191 -1.425010 -1.425010 -1.425010 
-1.427160 -1.425010 5.702191 -1.425010 -1.425010 
-1.427160 -1.425010 -1.425010 5.702191 -1.425010 
-1.427160 -1.425010 -1.425010 -1.425010 5.702191 

Step #5:
vertex   0: radius = 0.979305	  curvature = 10.3612305724
vertex   1: radius = 0.979304	  curvature = 10.3612270968
vertex   2: radius = 0.979304	  curvature = 10.3612270968
vertex   3: radius = 0.979304	  curvature = 10.3612270968
vertex   4: radius = 0.979304	  curvature = 10.3612270968
Total volume: 4.427378

GRADIENT:
 -0.000006 0.000001 0.000001 0.000001 0.000001

HESSIAN:
5.703481 -1.425870 -1.425870 -1.425870 -1.425870 
-1.425870 5.703478 -1.425869 -1.425869 -1.425869 
-1.425870 -1.425869 5.703478 -1.425869 -1.425869 
-1.425870 -1.425869 -1.425869 5.703478 -1.425869 
-1.425870 -1.425869 -1.425869 -1.425869 5.703478 

Step #7:
vertex   0: radius = 0.979304	  curvature = 10.3612277919
vertex   1: radius = 0.979304	  curvature = 10.3612277919
vertex   2: radius = 0.979304	  curvature = 10.3612277919
vertex   3: radius = 0.979304	  curvature = 10.3612277919
vertex   4: radius = 0.979304	  curvature = 10.3612277919
Total volume: 4.427378

GRADIENT:
 -0.000000 0.000000 0.000000 0.000000 0.000000

HESSIAN:
5.703478 -1.425870 -1.425870 -1.425870 -1.425870 
-1.425870 5.703478 -1.425870 -1.425870 -1.425870 
-1.425870 -1.425870 5.703478 -1.425870 -1.425870 
-1.425870 -1.425870 -1.425870 5.703478 -1.425870 
-1.425870 -1.425870 -1.425870 -1.425870 5.703478 

Step #9:
vertex   0: radius = 0.979304	  curvature = 10.3612277919
vertex   1: radius = 0.979304	  curvature = 10.3612277919
vertex   2: radius = 0.979304	  curvature = 10.3612277919
vertex   3: radius = 0.979304	  curvature = 10.3612277919
vertex   4: radius = 0.979304	  curvature = 10.3612277919
Total volume: 4.427378

GRADIENT:
 -0.000000 -0.000000 -0.000000 -0.000000 -0.000000

HESSIAN:
5.703478 -1.425870 -1.425870 -1.425870 -1.425870 
-1.425870 5.703478 -1.425870 -1.425870 -1.425870 
-1.425870 -1.425870 5.703478 -1.425870 -1.425870 
-1.425870 -1.425870 -1.425870 5.703478 -1.425870 
-1.425870 -1.425870 -1.425870 -1.425870 5.703478 
