grad = <-0.000011, 0.000002, 0.000006, 0.000003, 0.000003, -0.000003, 0.000003, 0.000005, -0.000002, -0.000006, >
Hess = 
<0.273417, -0.086360, -0.087002, -0.087338, -0.087477, 0.086586, -0.085583, -0.087738, 0.086775, 0.087393, >
<-0.086360, 0.276241, -0.085866, -0.087547, 0.086606, -0.086745, -0.086608, 0.086803, -0.087020, 0.086479, >
<-0.087002, -0.085866, 0.269349, 0.087342, -0.085262, -0.086390, -0.086069, 0.086460, 0.087471, -0.085044, >
<-0.087338, -0.087547, 0.087342, 0.276863, -0.086615, -0.087935, 0.087454, -0.087055, -0.088213, 0.086579, >
<-0.087477, 0.086606, -0.085262, -0.086615, 0.271516, -0.085378, 0.087061, -0.086417, 0.086636, -0.085254, >
<0.086586, -0.086745, -0.086390, -0.087935, -0.085378, 0.271836, 0.087176, 0.087602, -0.086708, -0.086276, >
<-0.085583, -0.086608, -0.086069, 0.087454, 0.087061, 0.087176, 0.270663, -0.086056, -0.087273, -0.086703, >
<-0.087738, 0.086803, 0.086460, -0.087055, -0.086417, 0.087602, -0.086056, 0.273932, -0.086271, -0.086947, >
<0.086775, -0.087020, 0.087471, -0.088213, 0.086636, -0.086708, -0.087273, -0.086271, 0.274714, -0.085852, >
<0.087393, 0.086479, -0.085044, 0.086579, -0.085254, -0.086276, -0.086703, -0.086947, -0.085852, 0.267857, >


Radius 1 = 0.9182516563
Radius 2 = 0.9213517640
Radius 3 = 0.9224790272
Radius 4 = 0.9138671172
Radius 5 = 0.9179516045
Eta 1 = 1.3639464907
Eta 2 = 1.3610772814
Eta 3 = 1.3833387540
Eta 4 = 1.3531444033
Eta 5 = 1.3752915907
Eta 6 = 1.3723667758
Eta 7 = 1.3727390302
Eta 8 = 1.3647528257
Eta 9 = 1.3618450541
Eta 10 = 1.3840815209
Length 1 = 1.9999905172
Length 2 = 2.0000008485
Length 3 = 2.0000060732
Length 4 = 2.0000015982
Length 5 = 2.0000035468
Length 6 = 1.9999987151
Length 7 = 2.0000034400
Length 8 = 2.0000052260
Length 9 = 1.9999998138
Length 10 = 1.9999902216
Edge Curvature 1 = 5.1806384133
Edge Curvature 2 = 5.1806166790
Edge Curvature 3 = 5.1805998817
Edge Curvature 4 = 5.1806151086
Edge Curvature 5 = 5.1806052694
Edge Curvature 6 = 5.1806157362
Edge Curvature 7 = 5.1806058151
Edge Curvature 8 = 5.1806020437
Edge Curvature 9 = 5.1806137437
Edge Curvature 10 = 5.1806284133
EHR: 30.8970249139
=================================================
