hess: 0, 0 = 30.897024913555 + 30.897024913555 - 2*30.897024913481 / 4 * 0.000010 ^ 2 = 0.371400687982
hess: 0, 1 = -0.123812752585
hess: 0, 2 = -0.123799477614
hess: 0, 3 = -0.123787529706
hess: 0, 4 = -0.123807006314
hess: 0, 5 = 0.123821530286
hess: 0, 6 = -0.123821634369
hess: 0, 7 = -0.123806117268
hess: 0, 8 = 0.123774059578
hess: 0, 9 = 0.123792712192
hess: 1, 0 = -0.123812752585
hess: 1, 1 = 30.897024913555 + 30.897024913555 - 2*30.897024913481 / 4 * 0.000010 ^ 2 = 0.371400687982
hess: 1, 2 = -0.123814999052
hess: 1, 3 = -0.123792308869
hess: 1, 4 = 0.123772272813
hess: 1, 5 = -0.123754249036
hess: 1, 6 = -0.123845668963
hess: 1, 7 = 0.123782941362
hess: 1, 8 = -0.123808719353
hess: 1, 9 = 0.123808155568
hess: 2, 0 = -0.123799477614
hess: 2, 1 = -0.123814999052
hess: 2, 2 = 30.897024913555 + 30.897024913555 - 2*30.897024913481 / 4 * 0.000010 ^ 2 = 0.371400687982
hess: 2, 3 = 0.123807799950
hess: 2, 4 = -0.123793202252
hess: 2, 5 = -0.123791489212
hess: 2, 6 = -0.123776045836
hess: 2, 7 = 0.123786076875
hess: 2, 8 = 0.123801520251
hess: 2, 9 = -0.123810965820
hess: 3, 0 = -0.123787529706
hess: 3, 1 = -0.123792308869
hess: 3, 2 = 0.123807799950
hess: 3, 3 = 30.897024913555 + 30.897024913555 - 2*30.897024913481 / 4 * 0.000010 ^ 2 = 0.371400687982
hess: 3, 4 = -0.123774614690
hess: 3, 5 = -0.123802084036
hess: 3, 6 = 0.123808619606
hess: 3, 7 = -0.123832762620
hess: 3, 8 = -0.123833651666
hess: 3, 9 = 0.123809586715
hess: 4, 0 = -0.123807006314
hess: 4, 1 = 0.123772272813
hess: 4, 2 = -0.123793202252
hess: 4, 3 = -0.123774614690
hess: 4, 4 = 30.897024913555 + 30.897024913555 - 2*30.897024913481 / 4 * 0.000010 ^ 2 = 0.371400687982
hess: 4, 5 = -0.123793202252
hess: 4, 6 = 0.123823317051
hess: 4, 7 = -0.123789242745
hess: 4, 8 = 0.123796671699
hess: 4, 9 = -0.123797235484
hess: 5, 0 = 0.123821530286
hess: 5, 1 = -0.123754249036
hess: 5, 2 = -0.123791489212
hess: 5, 3 = -0.123802084036
hess: 5, 4 = -0.123793202252
hess: 5, 5 = 30.897024913555 + 30.897024913555 - 2*30.897024913481 / 4 * 0.000010 ^ 2 = 0.371400687982
hess: 5, 6 = 0.123791823146
hess: 5, 7 = 0.123795778316
hess: 5, 8 = -0.123792308869
hess: 5, 9 = -0.123819847604
hess: 6, 0 = -0.123821634369
hess: 6, 1 = -0.123845668963
hess: 6, 2 = -0.123776045836
hess: 6, 3 = 0.123808619606
hess: 6, 4 = 0.123823317051
hess: 6, 5 = 0.123791823146
hess: 6, 6 = 30.897024913555 + 30.897024913555 - 2*30.897024913481 / 4 * 0.000010 ^ 2 = 0.371400687982
hess: 6, 7 = -0.123800370996
hess: 6, 8 = -0.123802084036
hess: 6, 9 = -0.123812678859
hess: 7, 0 = -0.123806117268
hess: 7, 1 = 0.123782941362
hess: 7, 2 = 0.123786076875
hess: 7, 3 = -0.123832762620
hess: 7, 4 = -0.123789242745
hess: 7, 5 = 0.123795778316
hess: 7, 6 = -0.123800370996
hess: 7, 7 = 30.897024913555 + 30.897024913555 - 2*30.897024913481 / 4 * 0.000010 ^ 2 = 0.371400687982
hess: 7, 8 = -0.123822449689
hess: 7, 9 = -0.123815888098
hess: 8, 0 = 0.123774059578
hess: 8, 1 = -0.123808719353
hess: 8, 2 = 0.123801520251
hess: 8, 3 = -0.123833651666
hess: 8, 4 = 0.123796671699
hess: 8, 5 = -0.123792308869
hess: 8, 6 = -0.123802084036
hess: 8, 7 = -0.123822449689
hess: 8, 8 = 30.897024913555 + 30.897024913555 - 2*30.897024913481 / 4 * 0.000010 ^ 2 = 0.371400687982
hess: 8, 9 = -0.123814999052
hess: 9, 0 = 0.123792712192
hess: 9, 1 = 0.123808155568
hess: 9, 2 = -0.123810965820
hess: 9, 3 = 0.123809586715
hess: 9, 4 = -0.123797235484
hess: 9, 5 = -0.123819847604
hess: 9, 6 = -0.123812678859
hess: 9, 7 = -0.123815888098
hess: 9, 8 = -0.123814999052
hess: 9, 9 = 30.897024913555 + 30.897024913555 - 2*30.897024913481 / 4 * 0.000010 ^ 2 = 0.371400687982
