grad = <0.000000, -0.000000, 0.000000, -0.000000, -0.000000, -0.000000, -0.000000, -0.000000, -0.000000, -0.000000, >
Hess = 
<0.371418, -0.123821, -0.123794, -0.123821, -0.123803, 0.123777, -0.123812, -0.123821, 0.123794, 0.123785, >
<-0.123821, 0.371418, -0.123812, -0.123794, 0.123803, -0.123812, -0.123803, 0.123768, -0.123803, 0.123812, >
<-0.123794, -0.123812, 0.371418, 0.123803, -0.123803, -0.123830, -0.123794, 0.123803, 0.123803, -0.123803, >
<-0.123821, -0.123794, 0.123803, 0.371418, -0.123812, -0.123803, 0.123777, -0.123803, -0.123848, 0.123830, >
<-0.123803, 0.123803, -0.123803, -0.123812, 0.371418, -0.123803, 0.123785, -0.123830, 0.123794, -0.123785, >
<0.123777, -0.123812, -0.123830, -0.123803, -0.123803, 0.371418, 0.123803, 0.123794, -0.123803, -0.123821, >
<-0.123812, -0.123803, -0.123794, 0.123777, 0.123785, 0.123803, 0.371418, -0.123812, -0.123785, -0.123830, >
<-0.123821, 0.123768, 0.123803, -0.123803, -0.123830, 0.123794, -0.123812, 0.371418, -0.123777, -0.123812, >
<0.123794, -0.123803, 0.123803, -0.123848, 0.123794, -0.123803, -0.123785, -0.123777, 0.371418, -0.123821, >
<0.123785, 0.123812, -0.123803, 0.123830, -0.123785, -0.123821, -0.123830, -0.123812, -0.123821, 0.371418, >


Radius 1 = 1.0000000000
Radius 2 = 1.0000000000
Radius 3 = 1.0000000000
Radius 4 = 1.0000000000
Radius 5 = 1.0000000000
Eta 1 = 1.0000000000
Eta 2 = 1.0000000000
Eta 3 = 1.0000000000
Eta 4 = 1.0000000000
Eta 5 = 1.0000000000
Eta 6 = 1.0000000000
Eta 7 = 1.0000000000
Eta 8 = 1.0000000000
Eta 9 = 1.0000000000
Eta 10 = 1.0000000000
Length 1 = 2.0000000000
Length 2 = 2.0000000000
Length 3 = 2.0000000000
Length 4 = 2.0000000000
Length 5 = 2.0000000000
Length 6 = 2.0000000000
Length 7 = 2.0000000000
Length 8 = 2.0000000000
Length 9 = 2.0000000000
Length 10 = 2.0000000000
Edge Curvature 1 = 5.1806141103
Edge Curvature 2 = 5.1806141103
Edge Curvature 3 = 5.1806141103
Edge Curvature 4 = 5.1806141103
Edge Curvature 5 = 5.1806141103
Edge Curvature 6 = 5.1806141103
Edge Curvature 7 = 5.1806141103
Edge Curvature 8 = 5.1806141103
Edge Curvature 9 = 5.1806141103
Edge Curvature 10 = 5.1806141103
EHR: 30.8970249135
=================================================
