grad = <0.054740, 0.101611, 0.005539, 0.063472, 0.024905, 0.051386, -0.005028, -0.028266, -0.017938, -0.009234, >
Hess = 
<0.493427, -0.129067, -0.148991, -0.121807, -0.088703, 0.103654, -0.121824, -0.087009, 0.092359, 0.081254, >
<0.000000, 0.387966, -0.137428, -0.123377, 0.068045, -0.051342, -0.169719, 0.073411, -0.032007, 0.098178, >
<0.000000, 0.000000, 0.330343, 0.022386, -0.127339, -0.118425, -0.298026, 0.112831, 0.120146, -0.013494, >
<0.000000, 0.000000, -0.000000, 0.184420, -0.055418, -0.068146, 0.041530, -0.099470, -0.054531, 0.133396, >
<0.000000, 0.000000, 0.000000, 0.000000, 0.198062, -0.136420, 0.015335, -0.147075, 0.147698, -0.024571, >
<0.000000, 0.000000, 0.000000, 0.000000, 0.000000, -0.063645, -0.061238, -0.030565, 0.011070, 0.159904, >
<0.000000, 0.000000, 0.000000, 0.000000, 0.000000, 0.000000, -0.039493, 0.005321, 0.004101, 0.035813, >
<0.000000, 0.000000, 0.000000, 0.000000, 0.000000, 0.000000, 0.000000, 0.036607, -0.003765, -0.002424, >
<0.000000, 0.000000, 0.000000, 0.000000, 0.000000, 0.000000, 0.000000, 0.000000, 0.025058, -0.007571, >
<0.000000, 0.000000, 0.000000, 0.000000, 0.000000, 0.000000, -0.000000, 0.000000, 0.000000, 0.050823, >


Radius 1 = 1.0350500294
Radius 2 = 1.0678888017
Radius 3 = 0.9809838968
Radius 4 = 0.9698661904
Radius 5 = 1.0186102484
Eta 1 = 0.8117827115
Eta 2 = 0.9608800861
Eta 3 = 0.9729505555
Eta 4 = 0.9897644936
Eta 5 = 0.9728160687
Eta 6 = 1.1691774611
Eta 7 = 0.9363420170
Eta 8 = 0.8955846283
Eta 9 = 1.0604614125
Eta 10 = 1.0728150247
Length 1 = 2.0015673077
Length 2 = 1.9962341096
Length 3 = 1.9913265267
Length 4 = 2.0436326177
Length 5 = 2.0238913286
Length 6 = 2.0316827401
Length 7 = 2.0207151491
Length 8 = 2.0313345463
Length 9 = 2.0295831344
Length 10 = 2.0243292102
Edge Curvature 1 = 5.1620806135
Edge Curvature 2 = 5.1746647682
Edge Curvature 3 = 5.1155622445
Edge Curvature 4 = 5.2883590155
Edge Curvature 5 = 5.2601695307
Edge Curvature 6 = 5.2451394304
Edge Curvature 7 = 5.1328504576
Edge Curvature 8 = 5.3266341384
Edge Curvature 9 = 5.3321989129
Edge Curvature 10 = 5.2724595781
EHR: 30.9003186923
=================================================
grad = <0.005593, 0.013843, 0.012918, -0.005272, -0.003589, -0.000942, -0.000414, -0.000091, -0.000264, 0.000087, >
Hess = 
<0.474433, -0.132858, -0.138736, -0.144945, -0.140735, 0.126174, -0.148221, -0.134711, 0.124666, 0.125434, >
<0.000000, 0.348704, -0.163241, -0.165256, 0.084831, -0.079287, -0.180129, 0.086697, -0.073735, 0.158387, >
<0.000000, 0.000000, 0.264796, 0.007052, -0.124607, -0.117544, -0.264553, 0.126386, 0.125529, 0.000710, >
<0.000000, 0.000000, 0.000000, 0.255005, -0.127562, -0.112791, 0.007112, -0.141615, -0.120730, 0.239597, >
<0.000000, 0.000000, 0.000000, 0.000000, -0.206436, 0.173929, -0.003914, 0.223314, -0.191633, 0.005194, >
<0.000000, 0.000000, 0.000000, 0.000000, 0.000000, 0.018681, 0.004190, 0.004567, -0.006960, -0.012618, >
<0.000000, 0.000000, 0.000000, 0.000000, 0.000000, 0.000000, 0.013306, -0.007301, -0.001449, -0.002698, >
<0.000000, 0.000000, 0.000000, 0.000000, 0.000000, 0.000000, 0.000000, 0.009394, -0.005518, 0.006338, >
<0.000000, 0.000000, 0.000000, 0.000000, 0.000000, 0.000000, 0.000000, 0.000000, 0.008462, -0.000959, >
<0.000000, 0.000000, 0.000000, 0.000000, 0.000000, 0.000000, 0.000000, 0.000000, 0.000000, 0.001108, >


Radius 1 = 1.0645984608
Radius 2 = 1.0973651550
Radius 3 = 0.9820160986
Radius 4 = 0.9273144808
Radius 5 = 0.9998381680
Eta 1 = 0.7209185419
Eta 2 = 0.9160249063
Eta 3 = 1.0113936033
Eta 4 = 0.8607832984
Eta 5 = 0.9558855869
Eta 6 = 1.1927376432
Eta 7 = 0.8830258033
Eta 8 = 0.8273490217
Eta 9 = 1.0404278586
Eta 10 = 1.1435220828
Length 1 = 2.0054952087
Length 2 = 2.0032591336
Length 3 = 1.9975517759
Length 4 = 2.0059357268
Length 5 = 2.0023850141
Length 6 = 1.9991427183
Length 7 = 2.0032168632
Length 8 = 2.0048443243
Length 9 = 2.0017829803
Length 10 = 1.9950073852
Edge Curvature 1 = 5.2090591372
Edge Curvature 2 = 5.1936905165
Edge Curvature 3 = 5.1679880866
Edge Curvature 4 = 5.2095285221
Edge Curvature 5 = 5.1791860757
Edge Curvature 6 = 5.1660110773
Edge Curvature 7 = 5.1813486386
Edge Curvature 8 = 5.1994200692
Edge Curvature 9 = 5.1858174586
Edge Curvature 10 = 5.1623795737
EHR: 30.8971646540
=================================================
grad = <0.001100, 0.000702, -0.001697, 0.001548, -0.000084, -0.000114, 0.000045, 0.000009, 0.000013, -0.000007, >
Hess = 
<0.539298, -0.150005, -0.143368, -0.156974, -0.151806, 0.129347, -0.152874, -0.158411, 0.131036, 0.129657, >
<0.000000, 0.368242, -0.170074, -0.177324, 0.087139, -0.079224, -0.183297, 0.086717, -0.085860, 0.164393, >
<0.000000, 0.000000, -0.260386, -0.000962, 0.130818, 0.125015, 0.294884, -0.141220, -0.132697, -0.003536, >
<0.000000, 0.000000, 0.000000, 0.309885, -0.138487, -0.115925, 0.005494, -0.156114, -0.132705, 0.245606, >
<0.000000, 0.000000, 0.000000, 0.000000, -0.212661, 0.187897, 0.005442, 0.249289, -0.201010, -0.004027, >
<0.000000, 0.000000, 0.000000, 0.000000, 0.000000, 0.018041, 0.015482, 0.019388, -0.002525, -0.007708, >
<0.000000, 0.000000, 0.000000, 0.000000, 0.000000, 0.000000, -0.010196, 0.005930, -0.004037, 0.003175, >
<0.000000, 0.000000, 0.000000, 0.000000, 0.000000, 0.000000, 0.000000, -0.011189, -0.003382, 0.002539, >
<0.000000, 0.000000, 0.000000, 0.000000, 0.000000, 0.000000, 0.000000, 0.000000, -0.001930, 0.004626, >
<0.000000, 0.000000, 0.000000, 0.000000, 0.000000, 0.000000, 0.000000, 0.000000, 0.000000, -0.002985, >


Radius 1 = 1.0628660383
Radius 2 = 1.0920524865
Radius 3 = 0.9804756881
Radius 4 = 0.9308123573
Radius 5 = 1.0000749505
Eta 1 = 0.7227167117
Eta 2 = 0.9159221090
Eta 3 = 1.0127533737
Eta 4 = 0.8620683736
Eta 5 = 0.9547692545
Eta 6 = 1.1900924424
Eta 7 = 0.8797166618
Eta 8 = 0.8273995683
Eta 9 = 1.0394775375
Eta 10 = 1.1459182219
Length 1 = 1.9999963433
Length 2 = 2.0000019661
Length 3 = 1.9999970266
Length 4 = 1.9999994305
Length 5 = 2.0000071093
Length 6 = 1.9999983757
Length 7 = 2.0000040522
Length 8 = 1.9999978741
Length 9 = 2.0000000415
Length 10 = 1.9999977809
Edge Curvature 1 = 5.1806222186
Edge Curvature 2 = 5.1806080534
Edge Curvature 3 = 5.1806196722
Edge Curvature 4 = 5.1806166652
Edge Curvature 5 = 5.1806014856
Edge Curvature 6 = 5.1806178101
Edge Curvature 7 = 5.1806034699
Edge Curvature 8 = 5.1806198175
Edge Curvature 9 = 5.1806129909
Edge Curvature 10 = 5.1806189201
EHR: 30.8970249136
=================================================
grad = <0.000007, -0.000002, -0.000006, 0.000002, 0.000005, 0.000000, 0.000000, -0.000000, 0.000000, -0.000000, >
Hess = 
<0.538205, -0.149824, -0.144080, -0.156905, -0.151232, 0.129337, -0.152753, -0.159276, 0.131206, 0.130064, >
<0.000000, 0.368373, -0.170924, -0.177257, 0.087083, -0.078919, -0.183027, 0.086492, -0.086667, 0.164796, >
<0.000000, 0.000000, -0.260143, -0.000952, 0.130413, 0.124926, 0.296309, -0.141145, -0.132708, -0.003084, >
<0.000000, 0.000000, 0.000000, 0.309359, -0.138996, -0.116379, 0.005001, -0.156296, -0.133014, 0.246270, >
<0.000000, 0.000000, 0.000000, 0.000000, -0.212667, 0.187234, 0.005720, 0.248366, -0.200710, -0.003205, >
<0.000000, 0.000000, 0.000000, 0.000000, 0.000000, 0.016539, 0.016155, 0.017879, -0.002072, -0.006298, >
<0.000000, 0.000000, 0.000000, 0.000000, 0.000000, 0.000000, -0.012523, 0.005784, -0.004736, 0.003442, >
<0.000000, 0.000000, 0.000000, 0.000000, 0.000000, 0.000000, 0.000000, -0.011167, -0.002248, 0.001791, >
<0.000000, 0.000000, 0.000000, 0.000000, 0.000000, 0.000000, 0.000000, 0.000000, -0.001956, 0.002744, >
<0.000000, 0.000000, 0.000000, 0.000000, 0.000000, 0.000000, 0.000000, 0.000000, 0.000000, -0.003188, >


Radius 1 = 1.0628624469
Radius 2 = 1.0920476821
Radius 3 = 0.9804796282
Radius 4 = 0.9308125687
Radius 5 = 1.0000766231
Eta 1 = 0.7227363390
Eta 2 = 0.9159177293
Eta 3 = 1.0127662201
Eta 4 = 0.8620710214
Eta 5 = 0.9547642352
Eta 6 = 1.1900865360
Eta 7 = 0.8797125924
Eta 8 = 0.8274089715
Eta 9 = 1.0394659447
Eta 10 = 1.1459188400
Length 1 = 1.9999999395
Length 2 = 2.0000000121
Length 3 = 1.9999999919
Length 4 = 1.9999999804
Length 5 = 2.0000000086
Length 6 = 2.0000000159
Length 7 = 2.0000000193
Length 8 = 1.9999999898
Length 9 = 2.0000000260
Length 10 = 2.0000000164
Edge Curvature 1 = 5.1806139587
Edge Curvature 2 = 5.1806140782
Edge Curvature 3 = 5.1806141172
Edge Curvature 4 = 5.1806140407
Edge Curvature 5 = 5.1806139768
Edge Curvature 6 = 5.1806142351
Edge Curvature 7 = 5.1806141031
Edge Curvature 8 = 5.1806140609
Edge Curvature 9 = 5.1806142580
Edge Curvature 10 = 5.1806142743
EHR: 30.8970249135
=================================================
grad = <-0.000000, 0.000000, -0.000000, -0.000000, 0.000000, -0.000000, 0.000000, -0.000000, -0.000000, -0.000000, >
Hess = 
<0.538202, -0.149833, -0.144073, -0.156879, -0.151237, 0.129347, -0.152745, -0.159268, 0.131199, 0.130073, >
<-0.149833, 0.410099, -0.130816, -0.133586, 0.129176, -0.114942, -0.140499, 0.130821, -0.123176, 0.128564, >
<-0.144073, -0.130816, 0.360969, 0.129518, -0.118028, -0.106639, -0.134267, 0.129275, 0.129435, -0.109407, >
<-0.156879, -0.133586, 0.129518, 0.440425, -0.139410, -0.118633, 0.131643, -0.148640, -0.126853, 0.129132, >
<-0.151237, 0.129176, -0.118028, -0.139410, 0.389498, -0.107997, 0.130038, -0.141845, 0.128538, -0.111137, >
<0.129347, -0.114942, -0.106639, -0.118633, -0.107997, 0.289462, 0.127438, 0.127486, -0.110718, -0.102839, >
<-0.152745, -0.140499, -0.134267, 0.131643, 0.130038, 0.127438, 0.430599, -0.138904, -0.126848, -0.121903, >
<-0.159268, 0.130821, 0.129275, -0.148640, -0.141845, 0.127486, -0.138904, 0.462358, -0.129031, -0.124061, >
<0.131199, -0.123176, 0.129435, -0.126853, 0.128538, -0.110718, -0.126848, -0.129031, 0.348838, -0.113192, >
<0.130073, 0.128564, -0.109407, 0.129132, -0.111137, -0.102839, -0.121903, -0.124061, -0.113192, 0.305279, >


Radius 1 = 1.0628625060
Radius 2 = 1.0920478076
Radius 3 = 0.9804795382
Radius 4 = 0.9308126019
Radius 5 = 1.0000764996
Eta 1 = 0.7227363390
Eta 2 = 0.9159177293
Eta 3 = 1.0127662201
Eta 4 = 0.8620710214
Eta 5 = 0.9547642352
Eta 6 = 1.1900865360
Eta 7 = 0.8797125924
Eta 8 = 0.8274089715
Eta 9 = 1.0394659447
Eta 10 = 1.1459188400
Length 1 = 2.0000001110
Length 2 = 1.9999999823
Length 3 = 2.0000000845
Length 4 = 2.0000000157
Length 5 = 2.0000001657
Length 6 = 1.9999999569
Length 7 = 1.9999999573
Length 8 = 1.9999999928
Length 9 = 1.9999998105
Length 10 = 1.9999999233
Edge Curvature 1 = 5.1806148654
Edge Curvature 2 = 5.1806139133
Edge Curvature 3 = 5.1806145567
Edge Curvature 4 = 5.1806141963
Edge Curvature 5 = 5.1806147381
Edge Curvature 6 = 5.1806139560
Edge Curvature 7 = 5.1806137744
Edge Curvature 8 = 5.1806140529
Edge Curvature 9 = 5.1806132146
Edge Curvature 10 = 5.1806138355
EHR: 30.8970249135
=================================================
